0000000000000000
0000000001101010
0000001011100000
1100000011111100
0000101100000010
0000001011110111
1110101100000011
1110100100000001
0000010100011100
0000110011101110
1110110000010101
0010000100001110
1111101111111011
1110101111100011
1111100100001110
0000101111111111
1111010111101100
0000100111111010
0000100100100001
1111010000000011
0000000100000000
0001010011100101
0000101100000111
1111101100001100
1111100111101010
0000110000001110
0001100111101011
1110101000001110
0000101100010001
0000001100000001
1111100011101011
1101101111101101
1110101111110010
1110011011011110
1101111111110010
0001101111110100
1110110011010101
1101101000101110
0001001000001101
1111100111111011
0001001000111111
0001110110000000
0000010000000111
0010011100101111
1110011111010011
1110000100010011
0010000011110110
1110101111001010
0010011100011100
1110010111100000
1101111000011000
1111101011100100
1101010111011111
1111110111100110
1101101011001101
1110001010000000
0000111100011001
0000101111110000
1101111000101000
1111111011111111
1100101011100010
1111101011011011
1100110111101000
1111110011110110
1110100011100000
0000010100100000
1111010011110110
0000010100011110
0010001000000001
1111010011101100
1111110000001111
1000000000000010
0000000000001010
1000000000000100
0001000000011011
0000111110000000
0000100011101110
1101111011100010
0000001100001101
0000010000000010
1111010011110000
1111000000000010
0001000000011010
0010010000100100
0000110000010000
0001000100011010
0011010100100111
1110110111111000
1110110111111100
0000100011000010
1110101011100100
1100111111100110
1101110011100010
1101000111010110
1111010111110010
1110110111110101
0000000000010001
1111011111101011
1111001000001100
0001011100001011
1110011100001100
0001010100000101
1111110000000110
0000111011111101
1111000111111111
0000100011111010
0000110011110111
0000011000100000
0110000000000000