Layer #1
Filter #1
0.046875
1.71875 	1.953125 	0.015625 	1.765625 	1.421875 	
0.234375 	1.71875 	0.15625 	1.140625 	0.46875 	
0.46875 	1.6875 	0.5625 	0.90625 	0.890625 	
0.828125 	1.4375 	1.078125 	1.03125 	1.4375 	
1.65625 	0.1875 	1.84375 	0.578125 	1.296875 	
Filter #2
0.21875
1.0625 	1.1875 	1.875 	1.5625 	0.828125 	
1.765625 	1.71875 	1.109375 	1.734375 	1.0625 	
1.375 	0.109375 	0.203125 	0.015625 	0.640625 	
1.4375 	1.09375 	1.140625 	1.640625 	1.875 	
0.28125 	0.6875 	1.671875 	1.796875 	1.125 	
