Layer #1
Filter #1
1.96875
0.0625 	0.21875 	1.671875 	
0.796875 	0.15625 	1.515625 	
1.25 	0.9375 	0.4375 	
Filter #2
0.953125
1.09375 	1.875 	1.859375 	
1.359375 	1.328125 	0.3125 	
0.328125 	0.390625 	1.859375 	
Filter #3
0.875
0.296875 	0.734375 	1.03125 	
1.71875 	0.765625 	0.4375 	
1.3125 	1.265625 	0.953125 	
Filter #4
0.703125
1.390625 	0.296875 	1.5625 	
0.3125 	1.234375 	0.375 	
0.640625 	0.015625 	1.84375 	
Layer #2
Filter #1
1.71875
0.765625 	1.828125 	1.515625 	
0.71875 	1.75 	0.046875 	
0.484375 	1.59375 	1.9375 	
1.984375 	0.0 	0.5 	
0.546875 	0.28125 	1.421875 	
1.75 	1.9375 	1.765625 	
1.359375 	1.46875 	1.28125 	
0.09375 	1.984375 	1.015625 	
1.234375 	0.84375 	0.375 	
0.984375 	0.40625 	1.0625 	
1.28125 	1.5 	1.234375 	
0.171875 	1.765625 	0.3125 	
Filter #2
0.015625
0.921875 	1.359375 	0.21875 	
1.234375 	0.859375 	1.828125 	
1.71875 	1.390625 	0.9375 	
0.203125 	1.3125 	1.015625 	
1.109375 	0.796875 	0.09375 	
1.671875 	0.015625 	0.84375 	
0.640625 	0.359375 	0.1875 	
0.0 	1.546875 	1.75 	
0.15625 	0.0625 	0.765625 	
1.65625 	1.21875 	0.734375 	
0.484375 	0.578125 	0.703125 	
0.375 	0.6875 	1.15625 	
