00000000 01101010 
00000010 11100000 
11000000 11111100 
00001011 00000010 
00000010 11110111 
11101011 00000011 
11101001 00000001 
00000101 00011100 
00001100 11101110 
11101100 00010101 
00100001 00001110 
11111011 11111011 
11101011 11100011 
11111001 00001110 
00001011 11111111 
11110101 11101100 
00001001 11111010 
00001001 00100001 
11110100 00000011 
00000001 00000000 
00010100 11100101 
00001011 00000111 
11111011 00001100 
11111001 11101010 
00001100 00001110 
00011001 11101011 
11101010 00001110 
00001011 00010001 
00000011 00000001 
11111000 11101011 
11011011 11101101 
11101011 11110010 
11100110 11011110 
11011111 11110010 
00011011 11110100 
11101100 11010101 
11011010 00101110 
00010010 00001101 
11111001 11111011 
00010010 00111111 
00011101 10000000 
00000100 00000111 
00100111 00101111 
11100111 11010011 
11100001 00010011 
00100000 11110110 
11101011 11001010 
00100111 00011100 
11100101 11100000 
11011110 00011000 
11111010 11100100 
11010101 11011111 
11111101 11100110 
11011010 11001101 
11100010 10000000 
00001111 00011001 
00001011 11110000 
11011110 00101000 
11111110 11111111 
11001010 11100010 
11111010 11011011 
11001101 11101000 
11111100 11110110 
11101000 11100000 
00000101 00100000 
11110100 11110110 
00000101 00011110 
00100010 00000001 
11110100 11101100 
11111100 00001111 
10000000 00000010 
00000000 00001010 
10000000 00000100 
00010000 00011011 
00001111 10000000 
00001000 11101110 
11011110 11100010 
00000011 00001101 
00000100 00000010 
11110100 11110000 
11110000 00000010 
00010000 00011010 
00100100 00100100 
00001100 00010000 
00010001 00011010 
00110101 00100111 
11101101 11111000 
11101101 11111100 
00001000 11000010 
11101010 11100100 
11001111 11100110 
11011100 11100010 
11010001 11010110 
11110101 11110010 
11101101 11110101 
00000000 00010001 
11110111 11101011 
11110010 00001100 
00010111 00001011 
11100111 00001100 
00010101 00000101 
11111100 00000110 
00001110 11111101 
11110001 11111111 
00001000 11111010 
00001100 11110111 
00000110 00100000 
01100000 00000000 