2
bitarray('1111000100000000')
0.1727182558445791
0.04269291820289713
0.03399730657916232
-0.1497769209020229
-0.3418930351947603
0.05917236328123612
-0.3652756927724214
0.02083850045495645
0.07890771950639244
0.4390474894523847
0.19074446655888
-0.29130964213348154
-0.31923699096840363
0.3421769991423158
0.5182153680600368
0.22596525613168017
-0.07825461953368944
-0.08637578991199422
-0.3332974092598901
-0.46177270237556817
-0.11676973087077958
0.22998421334809455
0.17448390579264003
-0.02506826111844834
-0.1721712063792153
0.15614056145195493
-0.09532559197099448
0.15169746888077415
0.5195818806247016
-0.20058922126514925
0.052533136594053446
0.025707388042733502
0.0010934955817569862
0.31982240379275784
-0.42620398081965816
0.186464562571702
0.11055076511482786
-0.09354172250292686
0.196173389389632
-0.11532492589558556
-0.354463054832353
0.19179706576865696
0.225998833959285
0.40385804940708875
-0.33457953672017365
-0.35854267550091085
0.22457847055968921
0.18679288864975116
0.27259564021448135
0.06193658667872429
-0.12723260147392668
-0.329277856421346
-0.5910446681843727
-0.3074015094454769
-0.33228982986320266
-0.22058884810694587
-0.410173781113079
-0.5351104010886053
-0.5265890098071806
-0.22714948633536347
0.42278441019100904
-0.19387787021183164
-0.32683521429674034
-0.6855987927618019
-0.6079636678415283
0.7268165016691337
0.29000731241000355
0.2033991804081998
-0.12377951484959905
-0.09022987013676041
0.2902609852038276
0.9948255122254562
0.4681504618141333
-0.009094448439380835
0.06331966451701211
0.6213698974893138
0.7450231937224161
-0.3932943616264236
-0.7049380397841073
-0.4903099684052941
0.298254700842976
0.5078932466233133
-0.16303758488015818
-0.3325195740550913
-0.8484632804976985
0.6212326404228546
0.4520253586255391
-0.4277433727091129
-0.5011678411660027
-0.5319496439352024
0.37932214307573314
-0.0960004924229938
-0.4516999412794206
-0.6832833812309234
-0.53099464726524
-0.05714461992953948
-0.4190231353853138
-0.6074450986026287
-0.8003310883906887
-0.4727329209157079
0.24411544399650928
0.40311085160777915
0.18540847894335302
-0.2537345080828712
-0.5433127881311509
0.6362408864248819
-0.033167290303789114
-0.016727091060172755
-0.8544882612932638
-0.473636156156521
-0.10806568581603455
-0.5794786412584803
-0.801941872829444
-0.3818787695249088
-0.0705785645014383
-0.16311936426157378
-0.38322571102801994
-0.5037213743829745
0.07902360456861762
0.5042341451220764
-0.2010265174450825
-0.1631992722825501
0.08116809894731375
0.48044481286633295
0.5314794578403624
-0.19040308515821844
-0.31633840135150704
-0.06710709109399209
0.24258326765634972
-0.008024330424189319
0.04156419717515491
0.0077500319383309885
0.16927461790976941
-0.0036375985174155016
0.0777697971376396
0.2598218045202766
0.4234469313855677
0.24341029377478846
-0.0008749537982245125
0.13686298594974677
-0.28413303817582597
-0.5391979005558238
-0.4706178437620549
0.047750580955596235
0.2107639608032371
0.07287068448733512
0.039690391431929005
-0.19722434168899108
-0.2512264148044133
-0.2640403384790534
0.25267991460546074
0.41203495770471815
0.5741174589793379
0.562962904081248
0.19640703978395446
0.2562746433381796
0.2768279282510927
0.41885250978479466
0.8312868816482335
0.6125439603629882
-0.3020669179537578
-0.1346105724303818
-0.30262725503737303
-0.07508615991294261
0.13578455888412794
-0.984257982745146
-0.3543361183374206
-0.4489383641510442
-0.7743198174960728
-0.4091659349954972
-0.569799361232173
-0.4698014192453459
-0.7497948234076146
-0.6608022611622705
-0.1844829703598171
-0.3078605838545473
-0.1869436532991134
0.006985840486157929
0.2669602360079868
-0.14874411582619973
-0.3392942891886303
-0.22576067868858624
0.19836537012431021
0.36202240007474806
0.176411268260319
-0.3992616676642853
0.1960771165353639
0.32830280661805106
0.07926909702622853
-0.06777095303919725
0.10475273576117035
0.22118222847814376
-0.05817323267912327
-0.24689164150765405
-0.028033673762578603
0.1251804974568525
-0.10606159186832435
0.2013866252868786
-0.151488440156131
0.09794805112779328
bitarray('0001100100000000')
