Layer #1
Filter #1
0.078125
1.984375 	0.90625 	1.90625 	0.5625 	1.421875 	
1.484375 	0.78125 	0.078125 	1.875 	0.03125 	
1.40625 	1.71875 	0.734375 	0.046875 	1.96875 	
0.65625 	1.203125 	0.53125 	1.453125 	1.15625 	
0.03125 	0.171875 	1.96875 	0.453125 	0.546875 	
Layer #2
Filter #1
1.03125
0.34375 	0.828125 	0.640625 	1.265625 	0.40625 	
0.5625 	0.265625 	1.28125 	0.109375 	0.28125 	
1.3125 	0.109375 	1.984375 	1.890625 	1.6875 	
1.8125 	0.515625 	1.59375 	1.203125 	1.921875 	
0.796875 	1.3125 	1.25 	1.296875 	0.171875 	
