Layer #1
Filter #1
1.609375
0.765625 	1.78125 	1.65625 	1.0 	0.015625 	
0.8125 	1.625 	0.84375 	1.15625 	1.046875 	
0.9375 	1.21875 	1.109375 	1.796875 	1.671875 	
0.796875 	1.75 	1.734375 	1.421875 	1.21875 	
1.765625 	1.234375 	1.578125 	1.265625 	0.34375 	
Layer #2
Filter #1
1.109375
0.171875 	0.765625 	0.53125 	0.953125 	1.171875 	
0.046875 	1.625 	0.8125 	1.84375 	0.765625 	
1.65625 	1.078125 	1.765625 	0.875 	1.71875 	
1.828125 	1.8125 	1.234375 	0.8125 	0.421875 	
1.25 	1.75 	1.734375 	0.96875 	1.375 	
