Layer #1
Filter #1
1.203125
1.796875 	0.0625 	1.125 	1.203125 	1.765625 	
1.984375 	1.6875 	0.75 	1.109375 	1.796875 	
0.625 	1.46875 	1.34375 	0.328125 	1.546875 	
0.40625 	0.09375 	0.921875 	0.484375 	0.40625 	
0.3125 	0.21875 	0.25 	1.1875 	1.578125 	
Filter #2
0.359375
0.40625 	1.328125 	0.859375 	1.078125 	1.1875 	
0.1875 	0.5625 	0.84375 	1.296875 	0.6875 	
1.03125 	1.84375 	1.84375 	0.5625 	0.703125 	
1.40625 	1.15625 	1.171875 	1.0 	1.609375 	
0.59375 	0.765625 	0.9375 	1.875 	0.328125 	
